[[-5.2412492e-01 -5.7285917e-01  9.5446303e-02  3.8322848e-01
  -1.7696337e-01 -1.7609218e-01 -4.1918561e-01 -5.5770274e-02]
 [-5.9443808e-01  6.3012064e-01 -1.7020778e-01  3.1003836e-01
   1.8406233e-01 -2.3477785e-01  1.2953548e-01  1.3681313e-01]
 [-2.5627401e-01  2.7401754e-01  1.5981084e-01  3.8857806e-16
  -5.7898462e-01  6.3655090e-01 -9.1593400e-16 -3.0541489e-01]
 [-2.8563741e-01 -2.4791212e-01  3.5461032e-01 -7.3190130e-02
   4.4578448e-01  8.3614141e-02  5.4872108e-01 -4.6801242e-01]
 [-1.9313931e-01  3.3849504e-02 -5.0079042e-01 -4.2846248e-01
   3.4711021e-01  1.5548323e-01 -4.6866375e-01 -4.0357655e-01]
 [-3.0513468e-01 -2.9398900e-01 -2.2343360e-01 -1.9161424e-01
   1.2746094e-01  4.9121940e-01  2.0959280e-01  6.5753537e-01]
 [-1.8248984e-01 -1.6102777e-01 -3.9784244e-01 -3.8322848e-01
  -5.1292324e-01 -4.2757443e-01  4.1918561e-01 -1.1831383e-01]
 [-2.4689843e-01  1.5725476e-01  5.9299165e-01 -6.2007672e-01
  -3.2186814e-02 -2.3106508e-01 -2.5907096e-01  2.3797691e-01]]
======================================
[2.7572627 2.678248  1.8922127 1.618034  1.1915456 0.9483398 0.618034
 0.5699922]